9.548658728599548340e-01 -4.843663576918453423e-02 -6.251154117282461953e-02 1.046949472050514793e-02 -1.437714054555807967e-02 2.217160407015365473e-02 -5.303310056137654216e-02 1.538291358569104754e-02 2.099210543607262988e-02 1.657949190697784181e-02 2.557187597063109025e-02 2.484121821628318405e-02 2.100344439408647138e-02 1.804061470088754240e-02 1.471567222815120318e-03 2.248508181269243122e-02 2.345730076569981642e-02 -5.380514042317604585e-03 2.163044330784822181e-02 2.418831409239956265e-02 1.973825825179742477e-02 8.525181385684374509e-06 2.503676943833161445e-02 2.535180654206224335e-02 2.383536103307459103e-02 1.455119321178397450e-02 2.162294371694642794e-02 -6.213013961105965516e-02 6.369322074114002440e-03 2.537878932641068550e-02 -5.480659773781720867e-02 2.567880281970286518e-02 -6.415251029086101175e-02 2.479865810577281879e-02 -5.509910621162206895e-02 2.564816659729658027e-02 1.784106668274686169e-02 1.704345546883523008e-02 1.442681481739801694e-02 2.401398321116554949e-02 -2.937454313024227479e-02 -3.807154428405555568e-02 2.379394092552432338e-02 -1.626079729375022945e-02 8.813866385833632466e-03 2.481777486969657595e-02 -5.941188941007170127e-02 2.376127169783919663e-02 -3.874928690100552797e-02 -2.254685775881237406e-02 -2.261150678382104276e-02 -6.319084586525920699e-03 -8.055819381796154241e-03 4.737466872599696566e-03 2.486615442388897396e-02 -1.270134297994428632e-02 2.143050036011064780e-02 2.150853491987581370e-02 -2.407715023232608748e-02 2.390967565460924357e-02 2.371693643986239053e-02 2.552163984018938903e-02 1.819427352844509363e-02 -6.321715957644177819e-02 2.481618157984519929e-02 1.200483022273844626e-04 1.411053863902147175e-02 2.396967781040912696e-02 1.868077114881377260e-02 2.084881249257369493e-02 5.819271324439370327e-03 2.601916970348978897e-02 -1.877867704589056969e-02 2.307756035110527723e-02 2.414841670308885690e-02 -5.224629766124375824e-02 -5.083550735516880956e-03 1.064256345560476644e-02 -2.562961440626734810e-02 -6.350523289587330089e-02 7.462715877474827147e-03 -9.817478170354746944e-03 2.410771045453503209e-02 2.518814283138344490e-02 2.308553494324044539e-02 -6.292059594925028532e-02 2.210678947328649502e-02 -3.412097259754256345e-02 2.536386343051167183e-02 2.428361019698556389e-02 -4.837629704108214329e-02 2.487311658482386362e-02 -1.673010936949541339e-02 2.393651186714852719e-02 1.479746099409300422e-02 2.421327744293297335e-02 1.915456045047010669e-02 2.291209435003241368e-02 2.151082578296706002e-02 1.375509521608723508e-02 2.301862219806815463e-02 -1.235169321491083952e-02 -6.301739848631926488e-02 2.457618652810947615e-02 -4.998858151320822313e-02 2.327306543017675089e-02 -3.627422376004157956e-02 2.348086082687519949e-02 -8.992094312900890049e-03 -6.462884152768909318e-02 2.496418110699368670e-02 2.529069424052264592e-02
-4.843663576918453423e-02 1.075401902198791504e+00 2.437718923997023168e-01 -5.166527072399438453e-02 4.898112289726996860e-02 -9.989117423171182952e-02 2.042434731899098188e-01 -7.361147856603349193e-02 -9.603261164124989036e-02 -7.900038655871800819e-02 -1.136519653911604172e-01 -1.086380260863945985e-01 -9.524907132101718965e-02 -8.442605150398745095e-02 -1.530287316357466058e-02 -1.008519470121412714e-01 -1.047821343600105898e-01 1.169049014090697142e-02 -9.633896843672719312e-02 -1.138023589245251155e-01 -9.003526778300388611e-02 -1.301538529537758955e-02 -1.121167071190383724e-01 -1.162602378780119572e-01 -1.068559734591676552e-01 -7.152029513612634393e-02 -9.739363403238460171e-02 2.418791400564642424e-01 -3.590341879722001167e-02 -1.134376122631486489e-01 2.137218703726737057e-01 -1.112392522692356028e-01 2.522935990983510290e-01 -1.140103931789866326e-01 2.120291722631764408e-01 -1.118643104636724284e-01 -8.184176793656772197e-02 -8.110102115602293993e-02 -6.870054667159089523e-02 -1.095340141271772538e-01 1.101938152689694722e-01 1.453481516925721750e-01 -1.069226907752610783e-01 5.318973696809416174e-02 -4.693735816191742238e-02 -1.099262294313065880e-01 2.299948154836808922e-01 -1.051035934804164379e-01 1.483326902992826990e-01 8.009333996807818656e-02 8.357047928243306611e-02 1.428631895259046929e-02 2.200083976960909293e-02 -3.121470605121388214e-02 -1.113779417722099568e-01 4.331384518177857496e-02 -9.999364421206817510e-02 -9.701183075529082322e-02 9.047555321195073497e-02 -1.110924958881721741e-01 -1.074956671201779401e-01 -1.134261688048634614e-01 -8.323450955292080455e-02 2.463647368464938481e-01 -1.087881699048251632e-01 -9.695028280976290477e-03 -6.627276379625067493e-02 -1.085526127217555509e-01 -8.773192437363677709e-02 -1.011053425272436801e-01 -3.549143258461123773e-02 -1.156601403198157796e-01 6.604279262768554537e-02 -1.031688890282467103e-01 -1.096483727098317706e-01 2.050814513657800153e-01 1.016794222321683490e-02 -5.074232432749813809e-02 9.378910753011691914e-02 2.471350965610735750e-01 -3.934974817443183392e-02 2.802912520819711081e-02 -1.093612331071104199e-01 -1.135023210025980778e-01 -1.018535970415685443e-01 2.444906371231171938e-01 -1.058131856086373807e-01 1.306958239324708393e-01 -1.117802976740986526e-01 -1.105956174551347010e-01 1.867982576064471656e-01 -1.109431880719123353e-01 5.593207923163887041e-02 -1.090878929687918025e-01 -7.465612842139859873e-02 -1.084967851482238343e-01 -9.137125896628614519e-02 -1.067254811203349751e-01 -9.710539785538734037e-02 -6.743761339229442653e-02 -1.066378311784599298e-01 4.145437006780433586e-02 2.458540372347115532e-01 -1.123157842073848195e-01 1.968645706014907626e-01 -1.067905698607711090e-01 1.409239087761380016e-01 -1.071331570360374713e-01 2.448642758075824516e-02 2.494926443969006646e-01 -1.137877777438068977e-01 -1.142560366739603650e-01
-6.251154117282461953e-02 2.437718923997023168e-01 1.146857619285583496e+00 -6.619227958726768557e-02 6.246109332754747751e-02 -1.275933764481728960e-01 2.615875329449998121e-01 -9.423776926652774333e-02 -1.238791165181174075e-01 -1.000685478351322072e-01 -1.462824438328141630e-01 -1.393085788675327841e-01 -1.223145438841642396e-01 -1.089627640724571134e-01 -1.985582377135040877e-02 -1.302080329516009938e-01 -1.343605860197159274e-01 1.437685283052529336e-02 -1.235118509930576702e-01 -1.449992782152687010e-01 -1.155902092810919823e-01 -1.868783102428810128e-02 -1.438460186493192849e-01 -1.485138204838858667e-01 -1.373289800130772509e-01 -9.095147730486449755e-02 -1.253987404639295145e-01 3.113611261856899515e-01 -4.609316425562193231e-02 -1.460271374556071922e-01 2.754914433332105728e-01 -1.407072973565481055e-01 3.245713067725817247e-01 -1.459088920057173000e-01 2.721346449027579606e-01 -1.445014986370341814e-01 -1.044127082579121846e-01 -1.041396178345276868e-01 -8.852066527880173008e-02 -1.400316664593670712e-01 1.422162378460484489e-01 1.880234893592775125e-01 -1.379927005936180118e-01 6.980456353824955607e-02 -5.995083938092236886e-02 -1.411323013172441077e-01 2.969826054222622913e-01 -1.366896337815405038e-01 1.901884961237293725e-01 1.042496226915917146e-01 1.083093795187545921e-01 1.794508516712399818e-02 2.901449762392983162e-02 -4.041410650954284367e-02 -1.433625705368688774e-01 5.599354710553031134e-02 -1.277167139112845851e-01 -1.245251616241910969e-01 1.163708615938257585e-01 -1.419795298028476704e-01 -1.376915986689281890e-01 -1.455568265201255540e-01 -1.079758906528269363e-01 3.169286834993930158e-01 -1.385603352103789709e-01 -1.247213859908445459e-02 -8.599425586165636293e-02 -1.394141105701248162e-01 -1.127687453835308634e-01 -1.286056230765435793e-01 -4.528409058337577731e-02 -1.487032021184859498e-01 8.596624436035106565e-02 -1.328423626489690645e-01 -1.403707793398978887e-01 2.632146754557058710e-01 1.335258324236471630e-02 -6.606352439580277791e-02 1.198937855984924389e-01 3.184821492473635107e-01 -4.921102349422328687e-02 3.616325261475421965e-02 -1.407085133597055504e-01 -1.447476089903630136e-01 -1.306578455481429424e-01 3.155291290082069544e-01 -1.365642443131006578e-01 1.699012314463975437e-01 -1.442607300118612379e-01 -1.420442276851260621e-01 2.412203920602637164e-01 -1.420497865567029172e-01 7.206515140802742525e-02 -1.402536087499418049e-01 -9.494511396034162332e-02 -1.395643195315816876e-01 -1.172260158142947734e-01 -1.351439851967249917e-01 -1.256669777318553116e-01 -8.578848532735847132e-02 -1.366592011310913957e-01 5.448377061385924203e-02 3.168523575869216513e-01 -1.426466269635845163e-01 2.539436719543116117e-01 -1.377615948506782928e-01 1.797493804463912714e-01 -1.364659977722822159e-01 3.296067487046092093e-02 3.206110016322236689e-01 -1.457815373893176503e-01 -1.470127948720799382e-01
1.046949472050514793e-02 -5.166527072399438453e-02 -6.619227958726768557e-02 9.547397494316101074e-01 -1.436017893008746139e-02 2.322577430738197168e-02 -5.563084702089649003e-02 1.646318989070563732e-02 2.240599546448193702e-02 1.850232947119149693e-02 2.671433265138718066e-02 2.547715258181790232e-02 2.315385912064905558e-02 2.044285608133602009e-02 7.565113080856479977e-04 2.405708618022834450e-02 2.551390410581728940e-02 -5.158655216245315762e-03 2.307349162625482730e-02 2.682096092825511993e-02 2.121397308359639425e-02 1.408950270047158422e-03 2.666780695915132657e-02 2.761267941258014474e-02 2.660507151053996891e-02 1.536441432337067731e-02 2.270778953382607962e-02 -6.653552904996799799e-02 7.893616639196576745e-03 2.801779575020793556e-02 -5.854515058809386940e-02 2.649342993494035667e-02 -6.705814983556163122e-02 2.789570957605960744e-02 -5.751376276716457792e-02 2.792858237570189361e-02 1.971793769903365870e-02 1.853874170859561368e-02 1.562151620523979240e-02 2.603751832256186172e-02 -3.061159291375897123e-02 -4.046829465024621986e-02 2.618789828446274615e-02 -1.694637471675812176e-02 9.467001903175228245e-03 2.554348989692462393e-02 -6.235357476265355331e-02 2.515702617915826014e-02 -4.137281371318029394e-02 -2.289073286599436693e-02 -2.441615454114641828e-02 -5.860603896048059355e-03 -8.782012124550339291e-03 5.067963909330288133e-03 2.705001738015941348e-02 -1.383634214133639372e-02 2.259300616435429288e-02 2.347843153485308296e-02 -2.575187972373798109e-02 2.707851473986912921e-02 2.620457489919333915e-02 2.748604951234799240e-02 1.982655419534986446e-02 -6.633062166076847399e-02 2.589400823564195694e-02 8.085680503975549048e-04 1.467627732228808657e-02 2.637082261658169752e-02 2.043525063301650235e-02 2.338729915536420789e-02 5.951735596963744594e-03 2.769887177924192437e-02 -1.893752967264847667e-02 2.436113039827230223e-02 2.684857071423161351e-02 -5.574037959101992012e-02 -5.313771958302730691e-03 1.092625387079862280e-02 -2.706847999952749495e-02 -6.739835386178283372e-02 6.938353873074285146e-03 -9.402367806776751324e-03 2.557984241988797355e-02 2.744659726705027392e-02 2.426553843577522809e-02 -6.546845370780209061e-02 2.468624567102875936e-02 -3.661005777491573021e-02 2.682186750203767456e-02 2.662446513232546302e-02 -5.196750722305875508e-02 2.626021790081722526e-02 -1.722004599879372461e-02 2.608156586550588324e-02 1.584178784861942080e-02 2.562277710279951826e-02 2.080010586610345907e-02 2.506001735583935144e-02 2.395393491238870937e-02 1.428028372263384811e-02 2.567643052782875301e-02 -1.323094764081490272e-02 -6.665247163933207819e-02 2.624568557736872351e-02 -5.327395061533234111e-02 2.552332813028744193e-02 -3.921068138476355158e-02 2.497572499411106900e-02 -9.215535571653507910e-03 -6.823107716686550861e-02 2.738386181843891626e-02 2.789589686226019716e-02
-1.437714054555807967e-02 4.898112289726996860e-02 6.246109332754747751e-02 -1.436017893008746139e-02 9.686348438262939453e-01 -2.731385206522501941e-02 5.130361292778122528e-02 -2.045351510901294648e-02 -2.702321916771879828e-02 -2.121096836150870510e-02 -3.114725859036744995e-02 -2.840756547655858694e-02 -2.602757858246690370e-02 -2.293633298439833046e-02 -6.542005379641397354e-03 -2.653142460502480246e-02 -2.882071069217679096e-02 1.317640443668957823e-03 -2.562597182538055643e-02 -3.096863641227649150e-02 -2.433432675724616148e-02 -5.210455457891200771e-03 -3.073643409506087235e-02 -3.187073704035948973e-02 -2.839243058011688831e-02 -2.056454596874107699e-02 -2.698648935806150992e-02 6.126935051881643446e-02 -1.071907801142313321e-02 -3.018316351559715074e-02 5.561761755797382106e-02 -3.015140357598734139e-02 6.394111574195995851e-02 -2.999797274902181107e-02 5.449451921319731912e-02 -2.966551802863652554e-02 -2.218308824283027336e-02 -2.257337504195210814e-02 -1.844434946349940777e-02 -2.952512937839308141e-02 2.833466500155300966e-02 3.671200118247621574e-02 -2.882333812757054484e-02 1.248503420399738398e-02 -1.320729936512475208e-02 -2.998103827647881706e-02 5.934122008371660317e-02 -2.844982972915787930e-02 3.673875053764710796e-02 1.972248413941024570e-02 2.044249372325227312e-02 2.770411613214497377e-03 4.116099098459602250e-03 -1.015161575225255984e-02 -2.995267391711444599e-02 9.826250764561984818e-03 -2.782483396345458715e-02 -2.626170533325087805e-02 2.202502004668062396e-02 -3.010775503407935733e-02 -2.938718087734280490e-02 -3.049854262021580928e-02 -2.242309822317618481e-02 6.310793643569323486e-02 -2.853037365258164273e-02 -3.928809505005937362e-03 -1.824435358705297008e-02 -2.937212469539120935e-02 -2.433320304004263704e-02 -2.722270339997957117e-02 -1.110723612644626268e-02 -3.157381241223063129e-02 1.558276967606023362e-02 -2.818169289006428047e-02 -2.906793661983085586e-02 5.250840062752711729e-02 1.809205394159606357e-03 -1.393303339240213427e-02 2.292435752473176783e-02 6.276261868190816107e-02 -1.185568335555723871e-02 5.898411279931918029e-03 -3.001092535408274656e-02 -3.128697681029864175e-02 -2.749939840415219910e-02 6.183921085564236114e-02 -2.850354558292064397e-02 3.221132649615291582e-02 -2.963365494590175508e-02 -2.957479279306197278e-02 4.728304505951814313e-02 -3.055548305377999915e-02 1.296283251606340087e-02 -3.063491140287852299e-02 -2.088359615432052938e-02 -2.958496867662723656e-02 -2.441675439984685239e-02 -2.913919494771533697e-02 -2.738702396950681156e-02 -1.894479719151910893e-02 -2.865560840633405576e-02 8.228687937804565061e-03 6.208913750459475744e-02 -3.061917121915086817e-02 4.982828081126172010e-02 -2.920194396779050849e-02 3.429742334142380639e-02 -2.860549984765217713e-02 5.925898922734117169e-03 6.322845103433229197e-02 -3.090293695596887241e-02 -3.081068357356923221e-02
2.217160407015365473e-02 -9.989117423171182952e-02 -1.275933764481728960e-01 2.322577430738197168e-02 -2.731385206522501941e-02 9.675574898719787598e-01 -1.072370493058011631e-01 3.389628887127807411e-02 4.561397758280807957e-02 3.666352119945161941e-02 5.579158200968494657e-02 5.281861714731218155e-02 4.653869912677076337e-02 4.114391740454896584e-02 4.639035420586828939e-03 4.882759707005776550e-02 5.013855161690202594e-02 -8.329250448922308897e-03 4.643207627848834618e-02 5.449316206681624475e-02 4.340423384505062709e-02 4.608188501204885795e-03 5.481309575468977513e-02 5.551844272903071892e-02 5.174158035070920703e-02 3.272838841016968009e-02 4.661463960966993197e-02 -1.264339065803837259e-01 1.524772959181900853e-02 5.553774677915506580e-02 -1.127014743517139733e-01 5.306979237093516211e-02 -1.314051772029286858e-01 5.534482570679315205e-02 -1.105517327697563973e-01 5.549692381601246949e-02 3.883052839766916453e-02 3.897702692092018528e-02 3.272452054298363028e-02 5.210371586244850334e-02 -5.841443024866917189e-02 -7.690584283437133795e-02 5.270659285643310848e-02 -3.133893108805878291e-02 1.967456330069464882e-02 5.303612971209908933e-02 -1.205797633796827362e-01 5.068062845301467972e-02 -7.792047261178716711e-02 -4.394542310743005525e-02 -4.653727140877787771e-02 -9.925099199800436339e-03 -1.500150523819417277e-02 1.243273113961731319e-02 5.472940325166193026e-02 -2.454004571998157080e-02 4.826816504602398500e-02 4.596116277001350420e-02 -4.895336111089879094e-02 5.473379497735107041e-02 5.168946592967610387e-02 5.574106902138150493e-02 3.927792255936006505e-02 -1.287876761206858678e-01 5.198830956278779891e-02 1.435770620938115220e-03 3.124212040811150462e-02 5.229071434800342671e-02 4.184042121307085527e-02 4.737786616287077007e-02 1.536852104831979565e-02 5.581845893661566138e-02 -3.682529576236796831e-02 5.040019858200134317e-02 5.347788628772302127e-02 -1.085066760310490763e-01 -8.705266853847190567e-03 2.296181476484930942e-02 -5.084945203423431315e-02 -1.291193626962194863e-01 1.634320186486244372e-02 -1.799708015927556706e-02 5.342556015185447732e-02 5.546847802786523257e-02 4.870337474750562751e-02 -1.283472224055877686e-01 5.197830467966654822e-02 -6.911068173653589497e-02 5.498570306001983321e-02 5.453239445440023064e-02 -9.867587679039092896e-02 5.400164707627674865e-02 -3.201272440903983607e-02 5.219100751767894592e-02 3.639801722433729653e-02 5.276233900118195569e-02 4.432008779455939157e-02 4.970404763153853794e-02 4.774010481773502401e-02 3.084857510052871690e-02 5.159365139517253784e-02 -2.388576273537478326e-02 -1.288325162371164456e-01 5.387335331458140836e-02 -1.033521363612043553e-01 5.216284401597897497e-02 -7.461937689739921165e-02 5.112174988413226845e-02 -1.521846408725760665e-02 -1.306935547837216882e-01 5.511108167128863505e-02 5.575770220742790051e-02
-5.303310056137654216e-02 2.042434731899098188e-01 2.615875329449998121e-01 -5.563084702089649003e-02 5.130361292778122528e-02 -1.072370493058011631e-01 1.090730547904968262e+00 -7.901478316752841291e-02 -1.038110472670850243e-01 -8.490799046966211738e-02 -1.225340975971082741e-01 -1.172018803230538281e-01 -1.015556545536538818e-01 -9.151663648662639039e-02 -1.635845211874652899e-02 -1.086937233738737157e-01 -1.132564169355191747e-01 1.181762489959288162e-02 -1.034494708996547274e-01 -1.225124701123795345e-01 -9.650207571738975143e-02 -1.485318135306061028e-02 -1.200303796674544038e-01 -1.243207428076887472e-01 -1.142392949162034793e-01 -7.649137032959243965e-02 -1.037216058919869510e-01 2.609009037335466297e-01 -3.816498924097777579e-02 -1.225483313483529402e-01 2.312026757628335150e-01 -1.188548846151975397e-01 2.704060312714320347e-01 -1.222379682567587139e-01 2.267300858637200933e-01 -1.211468551378912795e-01 -8.864905132645098385e-02 -8.769556913638065776e-02 -7.355794728417855421e-02 -1.165455751903392428e-01 1.198708335388957713e-01 1.558743093102065713e-01 -1.152667741555552933e-01 5.850444162524728181e-02 -4.975698719757132987e-02 -1.186638635477691162e-01 2.481969930326493323e-01 -1.144150399439665677e-01 1.590192409048175326e-01 8.583472601885430708e-02 9.118080247175223974e-02 1.605328961208456889e-02 2.557508426467594229e-02 -3.350646757336494391e-02 -1.209450203280984931e-01 4.549415241453061420e-02 -1.066332603094484882e-01 -1.045171976720835616e-01 9.771425715061970996e-02 -1.189649329009457718e-01 -1.153920116236004656e-01 -1.230714189923016594e-01 -9.006942987170819814e-02 2.650499933640970696e-01 -1.170891720303986888e-01 -1.093976562016855947e-02 -7.223157012585980363e-02 -1.169680928588651136e-01 -9.490207613430511058e-02 -1.075217243306944848e-01 -3.902219546677497541e-02 -1.243933338533194516e-01 7.194501138178954758e-02 -1.119181186033890996e-01 -1.172353638385675856e-01 2.197003064675386308e-01 1.125125921469821190e-02 -5.503590661894838809e-02 1.004764083227425303e-01 2.655332894761527895e-01 -4.236652986486383332e-02 2.980974197455287661e-02 -1.175703184225868059e-01 -1.216491187277688596e-01 -1.099210179892032846e-01 2.637655466003678839e-01 -1.144566446234246693e-01 1.412532284883830092e-01 -1.203932046095552849e-01 -1.196845027693603375e-01 2.020764469916429273e-01 -1.202160698638979758e-01 5.957257011300490929e-02 -1.176260265672369881e-01 -8.011520088198445522e-02 -1.160167658172479299e-01 -9.724885365645201396e-02 -1.141666712990596494e-01 -1.045761086821930530e-01 -7.096600398258405551e-02 -1.140070925989878636e-01 4.424233416409510677e-02 2.645359931723159641e-01 -1.200325945303483133e-01 2.116240260683282526e-01 -1.146158976083649916e-01 1.504614775411165506e-01 -1.146029667176461514e-01 2.721923181953679258e-02 2.685043977622762479e-01 -1.221002016133235085e-01 -1.228756099124408280e-01
1.538291358569104754e-02 -7.361147856603349193e-02 -9.423776926652774333e-02 1.646318989070563732e-02 -2.045351510901294648e-02 3.389628887127807411e-02 -7.901478316752841291e-02 9.594114422798156738e-01 3.318681074335315395e-02 2.721850167478377658e-02 3.995953847208161269e-02 3.925599921672025261e-02 3.314545306453641621e-02 2.986085482155674889e-02 3.153098222959042733e-03 3.468313791438781823e-02 3.681031286632095029e-02 -6.237430517362440620e-03 3.430366621477673461e-02 3.953502851266832430e-02 3.106190494016916950e-02 2.937993235852150598e-03 4.000544259127493396e-02 4.126114228036029813e-02 3.823615256861558065e-02 2.429077321558485367e-02 3.411657544326789082e-02 -9.275872942609514338e-02 1.027627236164663574e-02 4.111156574911700723e-02 -8.316659251942651321e-02 3.906626200976832941e-02 -9.771260686062033241e-02 4.043206427045716728e-02 -8.154956889213774152e-02 4.054108383924855119e-02 2.821491311918012182e-02 2.773480358682714128e-02 2.310626399706491516e-02 3.806903356325058024e-02 -4.432263651546304584e-02 -5.677987229013696513e-02 3.836156375139753577e-02 -2.272497507844957465e-02 1.391067304862761943e-02 3.837683707677010114e-02 -8.843639191712278358e-02 3.719882044653720354e-02 -5.766465573039750853e-02 -3.336247434233338000e-02 -3.448017667309874468e-02 -7.893311281260835879e-03 -1.169237250293751577e-02 8.539275637124853560e-03 3.968824491050564063e-02 -1.840247335476509830e-02 3.476983513950335919e-02 3.375820736988244947e-02 -3.681964189054443004e-02 3.917963258985741881e-02 3.766460937027713007e-02 4.067971634207489390e-02 2.871053754896149904e-02 -9.508283717509263822e-02 3.768216541586266038e-02 1.159385130962020064e-03 2.235120203649260118e-02 3.885110273680619092e-02 3.006198120093861448e-02 3.480289522534622815e-02 1.043245683861935766e-02 4.149569246081516449e-02 -2.743312080348624463e-02 3.690657797342303259e-02 3.835582845079113512e-02 -7.997505108950409003e-02 -6.712678072805235499e-03 1.779158648283941588e-02 -3.794747667619086801e-02 -9.548341250092937105e-02 1.219465780715718595e-02 -1.284817536120505185e-02 3.814350018517990992e-02 4.014151823031933408e-02 3.585369295381758692e-02 -9.499731523874310746e-02 3.743299334029813463e-02 -5.154540212703272173e-02 3.916985570732819250e-02 3.951857446994422318e-02 -7.307638831949057889e-02 3.959838010573668576e-02 -2.392179497179220196e-02 3.858235518184111035e-02 2.497682699697249820e-02 3.763858201698096206e-02 3.226632892468493663e-02 3.635426282501158513e-02 3.421021311497622619e-02 2.273754768252381209e-02 3.835721545439258612e-02 -1.875359155218286542e-02 -9.442022402599883901e-02 3.865995952620347731e-02 -7.583211204635265101e-02 3.780986203315032934e-02 -5.503331175506778056e-02 3.772421252504097600e-02 -1.316240496283894307e-02 -9.542335063068872747e-02 4.026974413469562586e-02 4.086202724402959729e-02
2.099210543607262988e-02 -9.603261164124989036e-02 -1.238791165181174075e-01 2.240599546448193702e-02 -2.702321916771879828e-02 4.561397758280807957e-02 -1.038110472670850243e-01 3.318681074335315395e-02 9.677075743675231934e-01 3.685835584821084421e-02 5.389094736026560362e-02 5.213021821697804564e-02 4.404622108344491416e-02 3.998666511394644713e-02 3.620474329391630119e-03 4.719821798211572272e-02 4.902629415741751456e-02 -8.441869169916290522e-03 4.497477792308050143e-02 5.354815389874932607e-02 4.181856029916457274e-02 4.185321367485882529e-03 5.268650166140774471e-02 5.428179466084281923e-02 5.076287152370754369e-02 3.177078049510089625e-02 4.470986837808109404e-02 -1.225145112605366682e-01 1.520470398009993521e-02 5.407996527963555844e-02 -1.088469072001978927e-01 5.127122598654336449e-02 -1.283664070268305812e-01 5.445577539831052138e-02 -1.071486176476106195e-01 5.330143554384177834e-02 3.782066220405088525e-02 3.780104058167337022e-02 3.123762825359016268e-02 5.140654976649264990e-02 -5.730189050273739454e-02 -7.524668252624308606e-02 5.053653207885815124e-02 -2.970375698506956541e-02 2.054937307220070994e-02 5.131861753817033855e-02 -1.167578437415096870e-01 4.905560309066311214e-02 -7.630310155502484371e-02 -4.334529569201350102e-02 -4.371566093940760372e-02 -9.121421541565420330e-03 -1.473413925824502285e-02 1.180798508884813892e-02 5.267157305121596828e-02 -2.464747742750710360e-02 4.655714003179674265e-02 4.536329364617504301e-02 -4.819988972588509085e-02 5.175964668333401381e-02 4.965120578004517810e-02 5.443675906321895908e-02 3.865330679464347441e-02 -1.253926387338002435e-01 5.078224614544370880e-02 1.807418371662331859e-03 2.971275486557606316e-02 5.153078294621583205e-02 4.098431970442784761e-02 4.647569496317594667e-02 1.450443409037057568e-02 5.458195744023691676e-02 -3.532362143459188281e-02 4.899746836828357960e-02 5.206597633588369578e-02 -1.046370174117755014e-01 -9.300627971173428682e-03 2.331535411141090475e-02 -4.918262113476024738e-02 -1.260505072991457975e-01 1.594337975526720352e-02 -1.667103414467380196e-02 5.118841291437044999e-02 5.309857473138489964e-02 4.738458132316430288e-02 -1.246213235881682146e-01 5.011348240895089484e-02 -6.870143153103136502e-02 5.293183572700659728e-02 5.277125273861282828e-02 -9.642894181320663116e-02 5.344532563174838463e-02 -3.079791825470888644e-02 5.151715176796436285e-02 3.408235906870834414e-02 5.059251165278454143e-02 4.248879789662722561e-02 4.967515127079278475e-02 4.503445164945616558e-02 3.037698844744885981e-02 5.045639529934870665e-02 -2.276535154043279885e-02 -1.252835567362753089e-01 5.260600659525369732e-02 -9.982988550114269000e-02 5.030029632259799127e-02 -7.286321862312310216e-02 4.998961837304336658e-02 -1.598705136866366769e-02 -1.259039789186744140e-01 5.361914894023587369e-02 5.433049993016667717e-02
1.657949190697784181e-02 -7.900038655871800819e-02 -1.000685478351322072e-01 1.850232947119149693e-02 -2.121096836150870510e-02 3.666352119945161941e-02 -8.490799046966211738e-02 2.721850167478377658e-02 3.685835584821084421e-02 9.655447006225585938e-01 4.373752185331388626e-02 4.177176317765250030e-02 3.659677402613781272e-02 3.317444985411436426e-02 3.173563990385584212e-03 3.786115945206203204e-02 3.963074261833968853e-02 -7.710805628800444268e-03 3.685872770631925394e-02 4.307774242586376312e-02 3.431700153511713092e-02 3.537188630991508313e-03 4.333891167543694328e-02 4.394149009721771276e-02 4.149271488165509614e-02 2.501612724187553607e-02 3.826532035863754871e-02 -1.010578966897614644e-01 1.179177804676539640e-02 4.480332962075988384e-02 -8.972242925641059352e-02 4.256439637863836806e-02 -1.048097767175002332e-01 4.444698640977499948e-02 -8.761587750088420390e-02 4.369159601977846280e-02 3.125931816705242866e-02 3.111957008990084983e-02 2.531848045552868159e-02 4.121357972828930405e-02 -4.713363410013334670e-02 -6.108194488934718530e-02 4.206798480395597395e-02 -2.379169891970279657e-02 1.645849280708075110e-02 4.248319831065892893e-02 -9.534138984644312254e-02 4.031540125324759721e-02 -6.199168896584837662e-02 -3.516125787014615089e-02 -3.714920046055251307e-02 -8.767380729416018870e-03 -1.136050746265480568e-02 9.357223010983635458e-03 4.331877162314186347e-02 -2.002148927294128758e-02 3.747746431291305164e-02 3.683358521246354877e-02 -3.907406560145948449e-02 4.286810402437982170e-02 4.105565946109519804e-02 4.431807378932988567e-02 3.276476807606065050e-02 -1.027320616082788296e-01 4.182807118100310972e-02 1.261258730305526033e-03 2.400195889422926734e-02 4.173566851250155169e-02 3.342050863588071075e-02 3.840279657274721370e-02 1.065560766804642470e-02 4.493990468967252322e-02 -2.961006502750599192e-02 3.997763737621956581e-02 4.226687732039459411e-02 -8.629124834710427683e-02 -7.066125811986108049e-03 1.849941703505771778e-02 -4.163826068814661246e-02 -1.041080343239474126e-01 1.246202514425271725e-02 -1.341352590060668204e-02 4.193852118208014207e-02 4.362244398307740800e-02 3.908158147811784805e-02 -1.020313832174887664e-01 3.991348235249360388e-02 -5.594963527722440072e-02 4.228636594242676794e-02 4.295281438719347061e-02 -7.804486864907607402e-02 4.242457501558221517e-02 -2.462973681001374981e-02 4.118423008065227875e-02 2.701503014645541961e-02 4.129522836886725945e-02 3.479917121567657062e-02 4.093042470734278154e-02 3.726762776805747635e-02 2.417910449705762063e-02 4.122113631933910921e-02 -1.937046072535630534e-02 -1.025514959965701800e-01 4.279651183848559581e-02 -8.243523176325322221e-02 4.120945943187637878e-02 -5.949768820428297245e-02 4.140513822568462482e-02 -1.243123420715899242e-02 -1.040277238297011853e-01 4.362839371281201917e-02 4.396862759625359829e-02
2.557187597063109025e-02 -1.136519653911604172e-01 -1.462824438328141630e-01 2.671433265138718066e-02 -3.114725859036744995e-02 5.579158200968494657e-02 -1.225340975971082741e-01 3.995953847208161269e-02 5.389094736026560362e-02 4.373752185331388626e-02 9.756724834442138672e-01 6.202522676721738959e-02 5.358744600077407216e-02 4.733298804634153423e-02 5.781806620016731978e-03 5.675073164304261786e-02 5.878509949685263580e-02 -1.060403610556575130e-02 5.434023338401171299e-02 6.351335948840315659e-02 5.097144863672149057e-02 6.372125259964103380e-03 6.330045579272636225e-02 6.535103340291187335e-02 6.083393995967038836e-02 3.856805357327739575e-02 5.314826800327417805e-02 -1.448659521547923379e-01 1.827290930405707156e-02 6.426848659200175284e-02 -1.287002216078897143e-01 6.127676596664260317e-02 -1.527334600119098773e-01 6.498060301249147797e-02 -1.272613424431657536e-01 6.444106675440418319e-02 4.530071019795836595e-02 4.510421711632147529e-02 3.825525576107553088e-02 6.050545082101058819e-02 -6.811203371490354153e-02 -8.901962286009501568e-02 6.040889799887572131e-02 -3.455765615999405183e-02 2.434257820724307006e-02 6.178402928378803893e-02 -1.382841070645614290e-01 5.965921033797244588e-02 -8.965489222390300716e-02 -5.081006221767012110e-02 -5.237449913698518505e-02 -1.127201812574306523e-02 -1.615024686384099878e-02 1.552881903597354285e-02 6.339313803338240960e-02 -2.827631042145974452e-02 5.572599926796609898e-02 5.408906358897425798e-02 -5.624831062418484545e-02 6.236282507238693346e-02 5.986527944447416621e-02 6.489803422666716448e-02 4.569159549863425346e-02 -1.481665647250686446e-01 6.007305855541604511e-02 2.292561729585999505e-03 3.616590176449006877e-02 6.141158488813813071e-02 4.792745616134902464e-02 5.656065514949543127e-02 1.753435024347857474e-02 6.666909396820742961e-02 -4.193040544672134440e-02 5.830338310318446821e-02 6.220476094767642822e-02 -1.233196139224718019e-01 -9.519241181675387742e-03 2.810271511356427290e-02 -5.816593674629518679e-02 -1.485251770848026731e-01 1.943883104574186879e-02 -1.939778415344639573e-02 6.087452949363544169e-02 6.383008488223182453e-02 5.652895221003362280e-02 -1.471913736214867097e-01 6.020734004694466845e-02 -7.985891193079761030e-02 6.410053158446600563e-02 6.374967124486065340e-02 -1.133604937771906934e-01 6.231269208507018986e-02 -3.623432908502363659e-02 6.074636601799267982e-02 4.111667676238811575e-02 6.047531131417977629e-02 5.084643374068281013e-02 5.895674051395936865e-02 5.431510446161981476e-02 3.626769045736311092e-02 6.009977805336655377e-02 -2.640698513905169811e-02 -1.480148574740070555e-01 6.258617336661244368e-02 -1.184920379587545564e-01 6.088457780544088288e-02 -8.508426749880658446e-02 6.002055870481071836e-02 -1.767413767787520337e-02 -1.493995593551986911e-01 6.393291314923277291e-02 6.500028706360252984e-02
2.484121821628318405e-02 -1.086380260863945985e-01 -1.393085788675327841e-01 2.547715258181790232e-02 -2.840756547655858694e-02 5.281861714731218155e-02 -1.172018803230538281e-01 3.925599921672025261e-02 5.213021821697804564e-02 4.177176317765250030e-02 6.202522676721738959e-02 9.761283993721008301e-01 5.108936837147993321e-02 4.603162038153314761e-02 6.168031480020025499e-03 5.386812015813599586e-02 5.582021779832552905e-02 -1.020278152796529232e-02 5.249758688516274752e-02 6.038640736904862111e-02 4.864697174390834877e-02 5.342464747091320125e-03 6.047837303641546980e-02 6.260598770377606703e-02 5.828578905750027295e-02 3.653412543489484299e-02 5.234585791975907704e-02 -1.393883139317134423e-01 1.798722049081709004e-02 6.193833682731574031e-02 -1.220182734005910430e-01 5.958198328030401419e-02 -1.445936543048943757e-01 6.273400460760968078e-02 -1.212064175782636977e-01 6.099667809651729972e-02 4.389755655456970690e-02 4.358948432606672696e-02 3.698497760556471170e-02 5.901903353285049836e-02 -6.401942308814771720e-02 -8.538420770619417621e-02 5.871719332052940249e-02 -3.292811150019352151e-02 2.372516888980996316e-02 5.959719417694304966e-02 -1.314541104728445542e-01 5.646280489542025716e-02 -8.517482173393711720e-02 -4.879466727026747497e-02 -5.002308560280056132e-02 -1.003936413935465656e-02 -1.579254786362142490e-02 1.409036058662771831e-02 6.053793547678788800e-02 -2.725767706221975464e-02 5.304365916022127370e-02 5.139906374705466990e-02 -5.401267796206209171e-02 5.997799316571482409e-02 5.786170795634339864e-02 6.202686620004572299e-02 4.505698570796746322e-02 -1.412511113400285179e-01 5.783593303227411303e-02 3.155557372201542397e-03 3.531405626689810423e-02 5.847720641167196420e-02 4.669292524151559542e-02 5.356186107719813211e-02 1.717425452275003067e-02 6.345303161747181675e-02 -4.001796633807944842e-02 5.549483923917114536e-02 5.957828098497645192e-02 -1.183906971241872746e-01 -8.398091699102102486e-03 2.724852989561133906e-02 -5.478320053420755731e-02 -1.423594222178369006e-01 1.974180990387668783e-02 -1.806450454863352609e-02 5.850070675840658013e-02 6.176029007929035447e-02 5.503023917566103596e-02 -1.404779504753182751e-01 5.716815186976120094e-02 -7.526768572363652654e-02 6.051427770107307286e-02 6.058972418268953469e-02 -1.080305130803722452e-01 5.994745737214074444e-02 -3.438792329069910447e-02 5.788942631403038580e-02 3.993949070574043941e-02 5.921410975366555446e-02 4.908927660667022908e-02 5.618543131805708857e-02 5.221023013902043042e-02 3.460392128012473867e-02 5.814261011429734671e-02 -2.679668972237605681e-02 -1.411154835592898782e-01 5.994554651003619616e-02 -1.120887607607593678e-01 5.835587209661874386e-02 -8.104234900367650318e-02 5.817938878122435459e-02 -1.675594265085908821e-02 -1.435373601335796778e-01 6.245075187212371925e-02 6.253614352242066465e-02
2.100344439408647138e-02 -9.524907132101718965e-02 -1.223145438841642396e-01 2.315385912064905558e-02 -2.602757858246690370e-02 4.653869912677076337e-02 -1.015556545536538818e-01 3.314545306453641621e-02 4.404622108344491416e-02 3.659677402613781272e-02 5.358744600077407216e-02 5.108936837147993321e-02 9.654686450958251953e-01 3.956256501274024034e-02 4.870202913686880186e-03 4.658735553882489833e-02 4.883407880117375532e-02 -8.736763507059071635e-03 4.493775225551214364e-02 5.293039172325713498e-02 4.200397092345364153e-02 5.018921049844143542e-03 5.297866270573904635e-02 5.478704397275874910e-02 5.006641657245537724e-02 3.226280577267967575e-02 4.507915333695586280e-02 -1.214944040403268394e-01 1.458012621548201299e-02 5.344714963648454498e-02 -1.072628893728967553e-01 5.180844423861178522e-02 -1.272588235794824829e-01 5.356540051495996269e-02 -1.054497852364709165e-01 5.397271814401785606e-02 3.721152876524954495e-02 3.719838615969526391e-02 3.061559649558312848e-02 5.082279225072456469e-02 -5.587821680606695068e-02 -7.343377381889613920e-02 5.103067450479140121e-02 -2.880992952132556753e-02 1.987242438588366147e-02 5.151979006052916088e-02 -1.153474212221040213e-01 4.878316952612704593e-02 -7.451817177747002696e-02 -4.236514014696961261e-02 -4.408170503272438451e-02 -9.714145044900047640e-03 -1.290470729370853803e-02 1.308965513108166674e-02 5.158720766415521297e-02 -2.415398100325124447e-02 4.647073323600675598e-02 4.517468558501216980e-02 -4.825110300172116840e-02 5.236454311113365734e-02 4.968740358832109127e-02 5.331374214722532645e-02 3.906330071636483076e-02 -1.228389018171256314e-01 4.980095331173248208e-02 1.680458006286388853e-03 3.035693525252216446e-02 5.090295074457610452e-02 3.936986108379929294e-02 4.677148773122299930e-02 1.467422531695990878e-02 5.466303879362758439e-02 -3.506041917973985733e-02 4.860083962412300312e-02 5.202469194297153904e-02 -1.031119865947811992e-01 -7.879431066648437745e-03 2.307869763977261554e-02 -4.849789735682605296e-02 -1.244949352599919040e-01 1.686406514589258374e-02 -1.662027144143624416e-02 4.966043980402198160e-02 5.258310339292675273e-02 4.635926266085116376e-02 -1.222656974716167522e-01 4.837138417118266864e-02 -6.666070680357240319e-02 5.201378591465325579e-02 5.249492144967032176e-02 -9.498169176960423454e-02 5.211726018333158461e-02 -3.065117001652374606e-02 5.056891359151049342e-02 3.422882773473898826e-02 5.102252076933393166e-02 4.280555857626180960e-02 4.839353822870726130e-02 4.523856375087639131e-02 2.903851640058201233e-02 5.038611140256583909e-02 -2.365245298671221283e-02 -1.235343796229834284e-01 5.186048265944754460e-02 -9.875835871884686146e-02 5.007119915630226653e-02 -7.087753432429483302e-02 5.001475815260630897e-02 -1.466017478047668653e-02 -1.257944952058207000e-01 5.351268352093366959e-02 5.347708828565095329e-02
1.804061470088754240e-02 -8.442605150398745095e-02 -1.089627640724571134e-01 2.044285608133602009e-02 -2.293633298439833046e-02 4.114391740454896584e-02 -9.151663648662639039e-02 2.986085482155674889e-02 3.998666511394644713e-02 3.317444985411436426e-02 4.733298804634153423e-02 4.603162038153314761e-02 3.956256501274024034e-02 9.662613868713378906e-01 4.388352841100177232e-03 4.193031858935295647e-02 4.307991657436623795e-02 -7.672708494164227205e-03 4.023002860299998429e-02 4.680959097301793520e-02 3.745552197022390672e-02 3.806874313392502943e-03 4.669999325986821243e-02 4.787503773952656722e-02 4.563465506507006358e-02 2.906053474346850102e-02 3.995104002144334726e-02 -1.087764441600927168e-01 1.350299577577874534e-02 4.881868876121241846e-02 -9.629029573891648153e-02 4.624266750096064221e-02 -1.139029831858031916e-01 4.808776229188106016e-02 -9.431830776136598815e-02 4.703018697438263174e-02 3.392754666672688491e-02 3.386895322887055471e-02 2.844707743629706909e-02 4.507723704626579592e-02 -5.057294703055503077e-02 -6.643075734934936194e-02 4.582707670756374502e-02 -2.704270507545820587e-02 1.804285127812354714e-02 4.550003700123893269e-02 -1.029817222565405366e-01 4.379767600950845025e-02 -6.762027443801545135e-02 -3.778830512003340802e-02 -3.963853806715255529e-02 -8.221321347248115863e-03 -1.247435074768559783e-02 1.052333271744220963e-02 4.710139915929015958e-02 -2.208296341142042263e-02 3.987083538461484722e-02 3.995796689657232781e-02 -4.261781094590453428e-02 4.670207783670953655e-02 4.459854437473464994e-02 4.798821831912231106e-02 3.405067784358863786e-02 -1.104939834769490953e-01 4.465361737487848898e-02 1.694390640677755034e-03 2.651213955494979152e-02 4.507935962320578499e-02 3.606351321291659251e-02 4.117914621030879102e-02 1.247174366948756302e-02 4.921078463646021833e-02 -3.206258596708036479e-02 4.387634707092633729e-02 4.725613556107428198e-02 -9.285566224921672218e-02 -7.453674568284136305e-03 2.030890573352437181e-02 -4.483259783961404676e-02 -1.114096989975269930e-01 1.387951432486462383e-02 -1.468163669334693333e-02 4.528975531237036667e-02 4.685057136514073073e-02 4.304033675730870034e-02 -1.107327543826490956e-01 4.467278299607196218e-02 -5.937012187304788191e-02 4.673337906084254478e-02 4.645894234824801683e-02 -8.514844966546016025e-02 4.668577036579459744e-02 -2.669018901726794013e-02 4.433599626443830016e-02 2.960389815435040747e-02 4.544525985900617349e-02 3.778455939602165525e-02 4.441882019378226576e-02 4.018419776971123708e-02 2.669486574369710902e-02 4.477965013070296652e-02 -2.100754297615730487e-02 -1.112165607817441060e-01 4.574786821617895377e-02 -8.881139317655462051e-02 4.452627090135712756e-02 -6.395819407201934481e-02 4.452694404596214267e-02 -1.331089306268461517e-02 -1.126735171362639176e-01 4.796263882413189655e-02 4.855930551627672676e-02
